11001100111100111101101001110110111110110111111110
11100010010011111010110110011110101010010010001011
10010101001110111000111101011100110000111001100011
11011010001110110100000011001011111000001001000101
00110000100111010010111111010011101101111110011101
01000101011011111100100101100101101000111100011010
10001101011111000001001000101001100001001110100101
11111001011111111011100000011100101000010011100111
11000110111110110100011111011100010110011000111110
01110101000101011011111100110111000100000101100101
00110100111111101001010100111000100111010000100111
01001111110110100011110110010001011111100010010011
11011011010100101111100101011000101111111000101010
00111000111001111011011101101101111110000000101000
11101100110000100010110101000111100010000110011000
01111111001001011001011010001111001011111111011100
00001110101000010001000000001001110110011011011111
11101110001010110111111011100010010011111110001011
10001000011110110100011110000000110011110010011100
00101011011001100011100011101101000011001110101101
00011101010001100100101000001100001111101001111111
00000100100010101001111111000010010110011000010111
01001011111100101111111101110000001111100100010001
01000001111011110100010110101100010111001011000110
11110110100010001111001001100001101011000111101100
00100110000101000111101001010001110100100001111101
00001010000110111111011100000011111000101111001000
00011111101001110110111110100011110010100101011010
11011001101101110011111101001110110111101000101010
01110111000111101101000111110111000000111000011111
01100101010001111100000100100010101001111110101101
00100100001100011111100110011110110110111110111101
11101111001111011010011101101111110000000101000111
10100011111101001101100011110110100110101101000111
01000101101011111010011100101111111001010100101110
11001001110100111111010011010001000011000011001011
10100010110101111110111000000111100100110011001000
00001111110100101000111010000010001110110110101000
10000011111011010100001111010011101101111010100010
10010011100011101100001111001001001110100011101100
11000001011101101110110111111011100000011101010001
01010000100010111101101000111110010101001011101100
10011101001111110100110110111001110010110100001011
01011011001101101110110001111110011010111000000001
01111110001000100001111011110110011000111010100000
11101110000100011100001101111101101111111101110000
00111110001001110011111000000001111011111100101000
01010011100011110110100011101111010110110011011011
11010100001111001011111010000101000001111011111001
01000111101100100010111101001101100100010100110001
11100100111111101101111111001001011011100011100011
10011101100100011101101111101001110110111110110010
00101111010000010011010010001010001111100100101101
11101000010011101000011010110001111110011001111110
10101001000011110101100101111101110000000101000010
00101101010000110010111110111000101011011110010111
01100100111001010100110000100001110110110111111000
10000111110111000000111100011011100100001111011001
01001000111101101000111010100001001000100110001111
00101111100111111110111000101011011110010101100010
01010011100011111001100111111000101010001110001111
10110111110011101000101111110100011111001110111000
00001000000101111100011001101001100100101000001100
11100101111100111111110111000000111010011011011100
11100101101000010100001101111100011110010000010101
10010101110010111110111110110100011110101110100000
01000010000101100101011111001101110001000001011001
01001101001110110001110011001111101001101011010101
00000110011111001011101100100111001010100111011100
01110111000100111011100000001011110101101001110100
11011010111101111011010111101100111001110111010000
10101110000011001111110010111111110111000000111010
00101001101100101111100111111110100101010011000010
01110011111000110111110110100011110000100101000000
01100101110010101001110111000111011001100100110111
11011011100011111001000100010111001010110011000111
10010111111100010100101110110110001101101101111101
10111110011000010110001110001111000100010111110100
11011001000111110101010010110110001111110011010111
00000011110010011001100100000001111110100101000111
11001111000010110110011101010000111101001110110111
10011101111110010111110100001011000010110100101100
00000001101111110111000101011011111101101111101001
10110111001110010110100001011111101110000001111100
10010110110110011100000001000100011111101101000111
10110111000111001100001001110110110101011001011110
11011001110000100110001111001101100100001111111011
01111111011100010110011000111101101000111101001111
01111011100000001010110010111100100111110110011001
00110111111011011111010011011001000101110111101101
10010011101000111101000010111101000101101011111101
11000000111001010110001011100000000110001111110011
00011100010011000000011111001101100111001101011110
01001111101001101110001010001010110111100000010111
11010100001000000010101010000110111111011011111101
00011111110111000000111011000011011010110100000101
01010001011111110110111111000110010000100010110111
10010000011001011110011101111100100111110111101111
11000000000110011111110101010010000011111011100010
10110111110001100100001000101101111001000011110010
01111111011100000011101100001101101011010000010101
01000101111111011011111110011011001110011010011001
01111010011101101111110111000000111011001101011011
10100110111110010111010001000000100000011101001000
11110110100011111011100000011110110111000111010011
01001110111101111011110100010101001100001111101101
11111100010101000111000111100111010011111100110001
01100101010010011101111001001100101011011111111011
10000001111011110111000000010101100011111100110101
11000000010100011110100101000111110111000101100110
00111001010110001011111010011000010101001100010111
10110010001011110011110101010000111110011111011100
01111001001111110010111101001101000011000011110010
01010110100011111011011111110010010110111101000010
01110111110110111111011001110111101110001110100001
01101101111101001101100101111101110001010110111100
10100001110100110100111011110111101111011011001100
01111001011010001111011001000101111000010000100010
11010111010110001111110011001111010011010011111111
01110001001011101100000111101101000111011110111111
10011101010001010110100001011110001100110100110010
01010000011001110011011011111110110100011101101000
01000000101011011001001110001001100011111100110010
10001111010111110010101111010000111110110011010100
00111000011100010001000101111101001101001111110110
11001100011110010110100011111000100100111110011110
10101000011111001111101110001111011011111111010010
10101111101000010110110111110100110110010111100111
01111100100111110100010110101111001000011111110110
11111010011011001000111110100001011111100010010011
11100001000010001011010111010110001111110011010111
00000011101100001011101110001010001000100011110010
01111011111101110000101000101011011111001001111110
10111110011110000101101100111010100001111011011100
00110001111110011001110100111110011001000100101001
00000110011010000010010000111101001101100011110100
11101001000111100101111111011011100011100110000100
11101101101011111101110000101000101011010000111001
11111101110000001110110100000111101010100100010011
10110011011011111110110100011100010001110000101001
01111110111101110000000101111001100001001110110110
10101100011110110000100101011001001110100110100111
11101111011110111110101100101100100001010001100011
11011010111110111101110000000101001010100100110001
11001100100010101010000111011010000101111110110111
11010011011100010100010001000111100100111000101111
00101111111100110110011100110101110010101001110111
00010110010011011110011100110001000100100001101101
00111000101100100001110000001011111001000111011010
00010110001010010111100101111100111111101100100010
11110000100001000101101011101001111111011011111110
00101010000110111110011101001111110100110110001111
01001110100100011110010111111100011001000010001011
01111001000001100011000110110010000010111011011101
10111111001010111001011111011001011111001111111011
00100110111111011100000000110001111100111000011100
00101101010000111110101010010010010011100010001101
10010111110011001111001111000101010000100001110100
11011011101000100101110001111000100010111110110110
01001101001001000011001110011011011111111011011111
11011100000011111001110000111000010110101000011110
10010100010100011111101101000111110011011001110011
01001100011111000110110010000100010110101000111101
10111000111100010101000101111110110110011100011011
10000100111011001100011100010000001011111101000110
01100000110011111110111000000111001110011101001001
01011011001101101111110111101100101011100011001101
00100100111101100101111100111111110111000000010100
00110010111110000001111000100010000111101111010011
01110001011001001010001100000001110110111100111011
10001000011011100010010111110011111110110100011111
00110110011100110100110000101000111111100101010001
11101111101001110110111111011100000011101010001000
11110111000000100110110011011011110100101001011111
01001110001010011111001110000011111001010110001001
01001110001111100010101000111000111100010101001010
11000000000110111111000000010111101001101100100010
10011000111001001100101111101101111111011100000011
11100100101000001100001111101011000111110001101100
00101101111100111111000110011010011001010000101110
01110100001101111011001100101111111011100000011100
11101110001101001001101010000100000000110111101001
10111000010110111100110101000011111001010110010100
00010100110110010111001010100111011100011110000100
11101110110000000111101111001011001010110101110100
10001111001110100101111111011011111101001001110001
00100010001110001111010011100101111101101000110011
10101000000111101101000111001110110100110011010100
00111100011011100100001111011001010010000110010111
10010111011011001100011110010110100100101010000111
01101100111001110111100111010010110110010111101101
01111101011111000100111001111100000001011110011110
11010011101101101001010110111110110100011110000100
10100000011100110010001001110001111010001111111001
11001001001011010000110111110110010001011111011001
01001111110111101101100111000000011110100110110001
01001011110010011110101011010110110011011011111110
01011111111011100000011110001100011000100110000100
11100101100101001011100000110110010111110111000000
11111001000010111100101000000000111111011010001111
10011011001110011010111010001011001000111011011111
10111000000100101011111011110010110010101101011101
00100011110011101001011111100101111111101110000001
11001010101001011111000110111001000011110111111001
01010001111011111101101111111011100001011011001010
11110110100001000111110111000000111001111000101001
00101100000100000000011111101101000111010011011100
00101101111001101010000100100111000101111010011101
10111101111011001010111001100000011111011100000011
10110110100010100111111101101000111011100000101011
11011110010110010101101011101001000111100111010010
11011001011110101111100000001010001101101101000101
10101000111001000111010000001000011011110110110011
10011101111001110100101101100101111010011101101111
11011100000011100110001000001000100011010010100000
11110010000010011101111101101000111110010101110000
10011101100101001101010000111010000101000000011011
01110001001100010110000111000100001111010000101100
10111110011111111000101010000010001111011010001111
10111000000111000101001011101110000110000101000111
11110010101111001000100100001010110110011011011101
10010111101001110110111110001101101011000110110100
11111001000001010100100001111101111101101000111100
11101001111101111010110100100010110101000011101010
00001110110010001010100100000111111101110000000011
00011111001000010111100101000000000111111010010100
01110101101011001010010110110000001011111010011011
01110011101110000100101101101011011001011111001111
11101011101110000010101110100010110101010010000110
01011101100111011110111000111100010101101011010100
00111101001110110111110001010101101000010110011010
10000011001011100101010011101110001110010101100010
01010011100011111011011111010110101001001100011111
01110000001111000010011000111100101111100111111001
11101101001110110110100101011011111010011101101111
00001010000100111011111010011011010110010110110101
10110011011011100111111011010001111101110000001110
11010000011100111001110111111101101000111100010101
10110100001010111111110010010110111100111010100000
11001111111011011111110111000000100101011111011001
01001111110110110010011110110010111010011101111010
01001001000011010010001011010100001110000111100011
11001010110110111100010000011111010011011000111111
00110001110000001101110000000101111101101110001111
01001101110000000101000001111111011011111110111000
00011101001101101110100100011001011011111011010001
11010011011100001011011110011000110010111010110110
01101101111111011010111101111011110101100101111101
11000100100111111001001111111011100000011101101100
10101000010011101100110110111111101101000111110011
01100111001101001111111100100101101111001110101000
00110011111101001110110111110011101111100010101000
10111110111101111011110110011000111001111011011110
01011001000001101011000111111001100111011111001001
11111010111010011011010110111000010000101001010010
11111110110111111101110000001110011110001001010001
10111110110100011111011100000011100101010110101100
00011011110000100110110111101110001010010100111101
00001011011011111011001000010100111111010001111111
01110000001110010101100010111000000011100011001010
01010010000111110100001011111011010001110010101011
01011000001101111101001000010001010100101010011111
01011011110110101101000001111101100111010010010110
00001111101101100101010100101011011111101110000001
11101001010001010111001010110000000111010010001111
00111011110011110110100101110100001101011000111001
10010111111110111000100100111110011100111010010010
10110110011011011101100101111001110111101100110000
10011011100010000001111110001111001110110101000011
11101110001010110111110110010001011111011001010011
11110100110110010001111101010100101111110110101100
10000111110111110011101001111111001010111000010010
10011001000001111110010111111010011011011100111011
01111010011101001000111001010100111011100011111011
10001001001111101100111010001110010100111100010001
11101110000001001101100110110111101001010010111110
10011011011101101100111011001101101111110101101011
01110000000101111110111000101001111111100100010001
01001100100000111101011101001101100100010100110001
11011001110000100101110110111111011011111110111000
00011101010001010100001001110100101111111011100010
10110111111011100000011101001101110000101101111001
10101000011100001011010111100100111110111101100101
01111100101010001111011111010011101101111110111000
00011111001101100111001101001111111100100001011110
01010000000001111101001101110001110001101111110111
00000011101011001110011111000110111111011011111001
11100010101100100001111101110000001001010111110110
01010011111101000010100000011101101000001111011001
01110010110110001111110011000111000101011011111101
11000000001011111001100000001100000111011110110010
10111100100111110100001011001000011101101100000010
11111110011100100100101101101001110100100001100101
11001000111011010000101001111011010011101101100101
11110011101100101111010011101101111001100100110010
11001010110101110111110001101010001101011101111011
11011111001100010110010000010110011011001000011111
01101100101010000100111011001101101111111000110101
00011010111110111000000111011011001110011101111001
11010010111111011010001110000110000111100100101010
00010011101001011111101001110110111101111011110111
11101110000001110011110001010100010000111101101000
11100110010001100111000110111001001100111101011011
00110110111011000111111001101011100000010010101111
11001001010001000110100010101010010111100111101101
00111011011010010101101111101101000111100001001010
00000011001011111001010011101100101000001001000010
00000101111110000101100101001100101111001001111110
01011101000100101111001110100010000001011111100001
01100101000001011110111101100101011110010111111110
11100000011101101000100011110100011110110101101100
11011011111110000000010001101111100101111110010101
01001010110000101000111110010101010011000000000110
00111111001100011011010110000011011111001011010001
01110000101111001111001000001111111001010000101000
10111111000010011101110110000000111110010101001011
10111110010111111110011011001110011010011111111011
10001001011101100000100101111100111111101001110110
11111010010100011110000100111011101100000001110010
00111011010000101001111011011101101101011000111111
00110001110001010110111111011100000011111001000010
11110010100000000011111001111010101100110001110001
11010001011010111110010011111110111000000111101111
00101100101011010111010010001111001110100101111101
00010110101111101011110000100111011101100000001111
00010101101010001110100010111011011011111001011111
11101110000001001010111100111101101110001010100100
11100000110110010111101011110000100111011101100000
00111011001100011011101000010111101001100001011110
11100010010111110011111110110111111110111000000100
10101111011001110100100101100000001101100101111010
11110000100111011101100000001110100010010101100010
00001011110101101110110100011110111000111000010111
11101110000001001010111111000000101001101001101100
10111101001110110111111011100000011101010001010100
00100110001100101110101101100110110111111101101000
11111011100000011101111011010110001010101000011101
11101011011001101101111010100001001001111011110010
00101110011100011101000101101011111100101011100001
00111011001010011010100001110100001010000000110110
11100010011000111111001101011100000000110001111100
10101110000100111011001010011010100001000110100011
10110100110011010100001110100110110111011011001110
11001101101110011111110001010100011100011101100110
01001101111101001111111001011101101100101010000100
11101111011001100010100101100101111100111111001001
10010101101111111011001000101111101100101001111110
11110101101100110110111101010000111001100001001001
00010110011101001011011001011101100110010011011110
11011011111010001011010110001011110101110110011101
00100101100000011010101101111001011111011011111010
01101101111101000100010110010101101011010010100101
11111100101000010100111011110010111110011111100101
01100010010100111000111100010001000011110111101100
11000111110111000101100100110011111000110101000001
00100001000000101111101001101101110011100101101000
01010000110111110010100011100101000011110100101000
11111011011111101010001111011100101101111110111000
00011111001010011101010001010100001000000111111011
01000111001000111010100010101000010010011100010011
00011000110011010001111000101011010100011101101100
10101000010011101111101001110110111110011000101000
10000011011001101011010001000000101111101100110001
01001011001011111001111110010011001010110111111101
10010001011110111101011011001101101111010100001110
01100001001001000101100111010010111111010010100011
11101110000001110100111000101001111100111000001111
10010100101101100100110011111000110111110010111111
11011100000011100111101010110101101000110011110010
10011111100101011110100001111101100110101000011110
11010001111101110000001111000110001010010011001010
00100101001111100011001101001000101001111111001011
11111101110000001110100110110010001010011000111101
10100011111011100000011111001010100011110111100101
01010010101100011111000110000101100110110101111110
11100000001010001101101111111011100000011100101000
00011110100001010111111001111010101101011010001100
11110010100111101000010110110111110110010000101111
10110100011111011100000011101100001000011110011101
00001101111110011000001101101011010000011111100001
01000101111110110111111110111000000111100001001110
10000101101010000111100001001011100011110110100011
11101110000001111100110111000100000101100101001101
00011011001011100101010011101110001111010011111100
01100110100110010101100110000110111110010011100001
01001110110111100111010100001001000011111011110001
10011010011010000111011011001011111001111111011001
00110111111011100001011011001001100111110001110110
00010011101000101010101001100101100101110110000111
01001011010010101010001011011001011110100111011011
11011000011010010010101000101111101101111111011100
00001111000110001100010011000010011100101100101001
01110000011011000111111001101011100010101101111001
11010100001001000011111011111100100101101110001110
00011011110111101111011111010011111110110010011011
10010101100111101111101101000111001111010101000011
11100111110111000111011001100100110111110100111111
10101000111000011100100000111101101000111001010000
10100110000001110000011001111110101000010110111110
01111110010101100010010100111000111110111000000111
00001110001000100010111110100110110010010000011011
11101001110110111101101100101101111101011011101101
00100101100000011000111001101011100000011110001100
01010010011001010001001010011110010101010001111110
10111110010101111010000111110110011010100001111010
01010001010111101101000111101001101100011110100111
01001000111010001011010111110100111001011111110010
01010000110110101101101101010010111110100010110101
01001000111100101111101000011111011110010011001010
11011111100111101010110010110000010010111110011111
11010110111111011100000011101100111011010101101000
01011001011111001111111000010100111011011111010010
10001010001101100011111100110111000010000111110111
00010010011111001010101000111110100111000101001111
10011100001101111011001100101111110110010001011111
00011000101001001100101000100101001111100011110010
10011101101101010010110110001111100011001100100010
11110011110101011010110100011001111001010011110100
00101101101111101100100001011111101110000000111111
00111100010010100011010000110111111011011111000100
01001100110101101001001000111110111000000111000011
11101100101010001111000110001010010011001010001001
01001111100011001101001000101001110110010111001010
11000100101001110001110110011000010011010100010000
11110101111000111101000111101111100010101110101101
11111011011111110010010110111101000010011101111001
00001111110100011111100001011011111001111111010001
11110010100001111100000010000011011111001110101100
01111110011001011101101000000011010110010111100111
01111101001001110100111111010001111110101111100100
10110111101000010011101100110001110001110011110001
00100010000011011110100010110101111101010000100001
11101101000111110111000000111110011011100010000010
11001010011010001111110100111011011111010100001000
01110100001010000001111000010100111011010011111101
10100011111011100000011110001100010100100110010100
01001010011111000110011010010001010011111110100101
00010100110001111110011000100011101001101101111101
01011011100001111001110111111011011111110111000000
11100111100010110101000001111110110100011111001101
10011100110101110110011001011111101011101001110001
01010010111111101101000111100100111000010100111011
01001111100011001101001101000011101101100101111100
11111110010111111101001111111010010101001111010000
10110111000101111101110000001111100110111000000000
10011011001101001110011111110110111111101110000001
11011000011101010010110011010011101111010001111111
00000010000011011110110011001011111001000011111101
00111011011111011001000101111010000101000000111101
01000010000100100000110110001111011000011000101101
11000101111101110001001001111110010011100001010011
10110111101001110001010100101111110010100001110100
11010011111101101101110001010010111101011010001110
01010100111011100011100110001010111101001110110111
11010100101011111100101011001010000010111100010001
11000010100101111111001101100111001101011011001010
01111110010101101011101111010000101101110001011110
00110010101000010100110110011000111101100111101101
10110000011111011011111110011000001001011111001111
01011001010110101000111100011010100011010111001010
10011101110001110011000101011110100111011011111010
10010101111110010101100101000001011110001000111000
01010010111111100101011010111010110010111101000111
11110011001111001110101001011010110010111010000101
10111000101111000110010101000010100110110011000111
10110011110110110110000011111011011111110011000001
00101111100111101011001010110101000111100011010100
01101011110100111011011111100100101000100011100001
11110111110100111001011111110001011001111011001100
00000111100010101110001110001000100000111110111110
01011111011011111110111000000111100011000101001001
10010100010010100101100011100110110111001011111110
01001010000110110101101101101010010111111010110111
01101001001011000001110100001011011100010111110011
01100111001101011110001000100001111011110110011000
11110100111111101010001011001011000100101100111001
10110010000111110000100001000101101011101011000111
00110000101111100011011000110111111010100010110010
11000100101100111001101100100001111101000101101010
10010001110100110100111111011001100011100110010001
00101001000001100110100000100100001110010101001110
11100010110010011011110100110110111110101011011100
00111101101000111110111000000111001100010101111000
01010011100000111111010011101101111110111000000111
10101001010111110111000111000010111111011100010110
01100011110000101001110000011111100101111111001110
10011111101010001110000111001000001111011010001111
01001101100011110100111010010000110001111110011000
11001110111000111011110101000111101010000111101001
11011011111010100101011110011001001100100101000100
01010100100100101111110100111011011111000101011011
01000001111011111100111010110110010001110110111100
01000000010001000001111101001111111011011111011010
00010000000111011011110110011101000110000011011001
01111010011100101111110001010101000110111101101011
11101011011101101001001011000001110100001011011100
01011101001101101111101100101110000111110110101000
01111100110110011100110101111101101100101010100101
01101111001000011111101101011111011001000101111010
00010110010000111011010011111100101111111101110000
00111100011000101001001100101000100101001111001010
10110010010000011011110110011000111011011011101110
00100000110111111011011111010001010100110000001000
10100001100010110000100001110110100001011110011001
00010011100011101001101101110110110011101100110110
11100110110010111110111000000111100011000101001001
10010100010010100111101111011111100001011011111001
11000010111101010001100100101000001100001111101001
11111000100000111101001001100101111100111111101010
00111000011100100000001111110110100011110101100101
10010010110111010010011100011101000101101011111010
11111001001011011001111001000001001110110011000111
00011110010111100011110100110100001010110001111110
01100111011111010001100110010010001000000110110010
11110010111001111010001010011010110010111110111000
00011101000010110010000111011011000000101111110100
01111001000001001110111110110100011110101111100100
00101001001000010000010010000111100001010011000000
00011000111110001100110010001011111000010010111000
11110110100011101101000010000000111001100011110010
01111110101110111101011010010001011010100001111011
01110001111010011101101111010011010011111101100110
00111100010101010010111110110101001011100001101111
00101010011101110001111010111100010100101111001100
01000100100010111101101000111100010100110000100111
01101001010010111110000100001000101101011101111101
00111011011110001100110100110010000011100110000110
00111111001100111011110000111100011110010011100110
11011100111110111101111110101101110110100100101100
00011110101100111101010010111001111011111010011100
10111011011100001100101110111101101011110110110110
00001111110011101111110010010110111000111100101101
00011111011100000011101100111010001111011001101101
11001111100000110011000011111011001101010000111010
00101101011111011010000100000001110011100110001110
00111101111001000001011010110110011011011100110110
01011101100110010011011111100100101101111001000001
01100000010111111000101010100101111101101010010111
00001101011001011100101010110010010000011011110110
01100011110100111111100101111000111100101110100110
01011001110000000111011010000100000001110011000111
10101100111101010010111001111011111010110011111001
11010100000110011100110110111011000111111001101011
10000001111100010111000001101100101111100111111101
10100011111011100010010011111100001001110100001011
01010000111011010000100000001110011000111100001001
01110001111001011111111011100000011100101000000111
10100001010111111100011000101001001100101000100101
00111110010011111000011111011001010100010000001011
11101101000110010000011101101000011111011110010011
00101011011111111000101110000011011001011111001111
11101010000100001110011000110011110001000001111101
00111111101110000000101000101101000110011000011111
01000101101011111010011100101111110001010101000110
11110110101111011001101010001010010011100011110110
10001111101110001010110111110000100101110001110110
01100101111110100111111001000111010000101100100001
11011011000000101111111001010110010100000101111001
01010110010010000011011110101000011101101000010111
11000111001001000001110000101101001100111000000011
11101101111101101000110100001011000101001011100001
10111110101101110110100100101100000111000100011100
00101001011111101111011100000001011111000101010100
01101111011010111100110001100111100010000011111010
11000111001101011100010010011111100100111111010111
10001010011000010011101101001010010111110000011110
11001100010101011010001111010001111111011011111001
01011000100101001110001111100110011111100010101000
11100011100101100011011111101101111101000100101110
11011111010111100010100110000100111011010010100101
11111000000010100110100001011110010101100010111110
01010100110000100001111101101001100000000111000110
01101000100100011001011011001101101110110001111011
00001100101101011111101110001010110111101010001010
00111011011101100101111100110011111100010101000111
00011100111101010110110111110011110000001011111010
10000100110111000101000100000111011010000110111110
01011111111011100000011111001010100011110101100101
11101000111111010111100010101011011101000010111110
11010001111000101001100001001110110100101001011111
00100010111001110000111010010010110110010111110111
00010101101111001000111011010000101111011110111110
10011001010101001001001000100011110110100111010010
00001111110001000100001111011110110000110010110101
10001010110011101011101000101010000100001110010001
11011010000101111011000010111011100010100010001000
11110010011110111101001101101111101010110111000001
10001111110011000000010001001110001111010011111100
01000111000011111010010010101000010011101001011111
00101010110010010000011011111010110111110110111010
01000111110111000010100010101101000011111111011100
00001110100001010000000110110111000101111011010001
11110111000000111100011000110001001100001001110010
11001010010111000001111110100111011011111101110000
00111100001011001100111111011010001111000110110111
10101100101010011111110100111011011111000101001110
01111100011011110010100001000010000111010001011010
10100100011110110010001011110010100000011110100001
01011111101000010110110111110110010000101111011001
11010010010110000011111011011111110111000000111010
01101110100011110111110110100011101100001011101010
00010010100010110101011110011010011001011110001100
11010100011001111011011111110100111011011111100110
00110100011110001001011111001111101101101110110001
1100110000100#